100
70
41 6
42 6
27 10
27 11
47 14
41 15
48 16
38 17
39 17
47 17
51 17
34 18
37 18
46 18
15 19
28 19
37 19
42 19
46 19
52 19
15 20
16 20
28 20
29 20
37 20
46 20
15 21
28 21
29 21
30 21
31 21
32 21
37 21
46 21
27 22
28 22
31 22
32 22
33 22
34 22
38 22
45 22
49 22
27 23
33 23
34 23
35 23
38 23
39 23
40 23
44 23
45 23
46 23
47 23
48 23
35 24
39 24
40 24
41 24
43 24
44 24
45 24
46 24
35 25
36 25
39 25
40 25
41 25
42 25
43 25
44 25
45 25
46 25
51 25
31 26
32 26
33 26
34 26
35 26
36 26
37 26
42 26
43 26
44 26
50 26
76 26
29 27
30 27
34 27
35 27
36 27
37 27
43 27
44 27
49 27
50 27
76 27
77 27
78 27
28 28
34 28
38 28
43 28
44 28
48 28
76 28
79 28
26 29
27 29
38 29
39 29
40 29
44 29
47 29
48 29
75 29
24 30
25 30
26 30
39 30
40 30
44 30
47 30
75 30
76 30
28 31
29 31
39 31
40 31
44 31
47 31
74 31
75 31
76 31
77 31
78 31
79 31
19 32
20 32
21 32
28 32
30 32
31 32
36 32
40 32
41 32
44 32
45 32
47 32
48 32
73 32
74 32
75 32
76 32
19 33
20 33
21 33
22 33
32 33
33 33
36 33
37 33
40 33
41 33
42 33
43 33
44 33
45 33
46 33
47 33
48 33
49 33
71 33
72 33
73 33
74 33
75 33
76 33
77 33
78 33
10 34
11 34
16 34
17 34
18 34
19 34
20 34
21 34
22 34
33 34
34 34
35 34
36 34
37 34
38 34
39 34
40 34
41 34
42 34
43 34
44 34
45 34
46 34
47 34
48 34
49 34
50 34
51 34
52 34
53 34
54 34
55 34
56 34
57 34
58 34
59 34
60 34
61 34
62 34
63 34
64 34
65 34
66 34
67 34
68 34
69 34
70 34
71 34
72 34
73 34
74 34
75 34
76 34
10 35
16 35
17 35
18 35
19 35
20 35
21 35
22 35
33 35
34 35
35 35
36 35
37 35
38 35
39 35
40 35
41 35
42 35
43 35
44 35
45 35
46 35
47 35
48 35
49 35
50 35
51 35
52 35
55 35
56 35
57 35
58 35
59 35
60 35
61 35
62 35
63 35
64 35
65 35
66 35
67 35
68 35
69 35
70 35
71 35
72 35
73 35
74 35
75 35
76 35
77 35
78 35
19 36
20 36
21 36
22 36
32 36
36 36
37 36
41 36
42 36
43 36
44 36
45 36
46 36
47 36
48 36
72 36
73 36
74 36
75 36
76 36
77 36
19 37
20 37
21 37
28 37
29 37
30 37
36 37
40 37
41 37
44 37
45 37
47 37
48 37
73 37
74 37
75 37
76 37
39 38
40 38
44 38
47 38
74 38
75 38
76 38
77 38
78 38
24 39
25 39
26 39
38 39
39 39
40 39
44 39
47 39
75 39
27 40
28 40
34 40
38 40
39 40
40 40
44 40
48 40
75 40
76 40
28 41
29 41
34 41
37 41
38 41
43 41
44 41
48 41
49 41
50 41
76 41
77 41
78 41
79 41
29 42
30 42
31 42
34 42
35 42
36 42
37 42
43 42
44 42
49 42
50 42
76 42
77 42
22 43
23 43
31 43
32 43
33 43
34 43
35 43
36 43
42 43
43 43
44 43
50 43
51 43
35 44
36 44
39 44
40 44
41 44
42 44
43 44
44 44
45 44
46 44
51 44
24 45
34 45
35 45
39 45
40 45
41 45
44 45
45 45
46 45
47 45
22 46
27 46
33 46
34 46
35 46
38 46
39 46
44 46
45 46
48 46
28 47
29 47
30 47
31 47
32 47
33 47
37 47
38 47
45 47
49 47
15 48
28 48
29 48
30 48
37 48
46 48
15 49
16 49
28 49
37 49
46 49
52 49
28 50
34 50
37 50
42 50
46 50
34 51
37 51
46 51
51 51
38 52
47 52
51 52
41 53
45 53
48 53
47 55
27 58
27 59
41 62
42 62
41 63
42 63
