90
90
48 3
49 3
71 3
72 3
48 4
49 4
71 4
72 4
48 5
49 5
50 5
51 5
52 5
53 5
54 5
55 5
56 5
57 5
58 5
59 5
60 5
61 5
62 5
63 5
64 5
65 5
66 5
67 5
68 5
69 5
70 5
71 5
72 5
76 5
48 6
49 6
50 6
51 6
52 6
53 6
54 6
55 6
56 6
57 6
58 6
59 6
60 6
61 6
62 6
63 6
64 6
65 6
66 6
67 6
68 6
69 6
70 6
71 6
72 6
76 6
48 7
49 7
50 7
51 7
52 7
53 7
54 7
55 7
56 7
57 7
58 7
59 7
60 7
61 7
62 7
63 7
64 7
65 7
66 7
67 7
68 7
69 7
70 7
71 7
72 7
76 7
48 8
49 8
50 8
51 8
52 8
53 8
54 8
55 8
56 8
57 8
58 8
59 8
60 8
61 8
62 8
63 8
64 8
65 8
66 8
67 8
68 8
69 8
70 8
71 8
72 8
76 8
48 9
49 9
50 9
62 9
63 9
70 9
71 9
72 9
76 9
10 10
45 10
48 10
49 10
62 10
63 10
71 10
72 10
76 10
10 11
11 11
44 11
45 11
48 11
49 11
62 11
63 11
72 11
76 11
10 12
11 12
12 12
13 12
14 12
15 12
16 12
18 12
19 12
40 12
42 12
43 12
44 12
45 12
48 12
49 12
62 12
63 12
10 13
11 13
12 13
13 13
14 13
15 13
16 13
17 13
18 13
19 13
20 13
21 13
22 13
23 13
24 13
25 13
26 13
27 13
28 13
29 13
30 13
31 13
32 13
33 13
34 13
35 13
36 13
37 13
38 13
39 13
40 13
41 13
42 13
43 13
44 13
45 13
48 13
49 13
62 13
63 13
76 13
11 14
12 14
13 14
14 14
15 14
16 14
17 14
18 14
19 14
20 14
21 14
22 14
23 14
24 14
25 14
26 14
27 14
28 14
29 14
30 14
31 14
32 14
33 14
34 14
35 14
36 14
37 14
38 14
39 14
40 14
41 14
42 14
43 14
44 14
45 14
48 14
49 14
50 14
62 14
63 14
64 14
76 14
11 15
12 15
13 15
14 15
15 15
16 15
17 15
18 15
19 15
20 15
21 15
22 15
23 15
24 15
25 15
26 15
27 15
28 15
29 15
30 15
31 15
32 15
33 15
34 15
35 15
36 15
37 15
38 15
39 15
40 15
41 15
42 15
43 15
44 15
45 15
48 15
49 15
50 15
61 15
62 15
63 15
64 15
65 15
76 15
10 16
11 16
12 16
13 16
14 16
15 16
16 16
17 16
18 16
19 16
20 16
21 16
22 16
23 16
24 16
25 16
26 16
27 16
28 16
29 16
30 16
31 16
32 16
33 16
34 16
35 16
36 16
37 16
38 16
39 16
40 16
41 16
42 16
43 16
44 16
45 16
49 16
50 16
51 16
52 16
60 16
61 16
62 16
63 16
64 16
65 16
66 16
76 16
10 17
11 17
12 17
44 17
45 17
49 17
50 17
51 17
52 17
53 17
54 17
55 17
56 17
57 17
58 17
59 17
60 17
61 17
62 17
63 17
64 17
65 17
66 17
67 17
76 17
10 18
11 18
44 18
45 18
49 18
50 18
51 18
52 18
53 18
54 18
55 18
56 18
57 18
58 18
59 18
60 18
61 18
63 18
64 18
65 18
66 18
67 18
68 18
76 18
10 19
22 19
23 19
24 19
25 19
26 19
27 19
28 19
29 19
30 19
31 19
44 19
45 19
50 19
51 19
52 19
53 19
54 19
55 19
56 19
57 19
58 19
59 19
60 19
64 19
65 19
66 19
67 19
68 19
69 19
76 19
20 20
21 20
22 20
23 20
24 20
25 20
26 20
27 20
28 20
29 20
30 20
31 20
32 20
44 20
45 20
52 20
53 20
54 20
55 20
56 20
57 20
58 20
66 20
67 20
68 20
69 20
70 20
76 20
19 21
20 21
21 21
22 21
23 21
24 21
25 21
26 21
27 21
28 21
29 21
30 21
31 21
32 21
33 21
34 21
44 21
45 21
67 21
68 21
69 21
70 21
71 21
76 21
19 22
20 22
21 22
22 22
29 22
30 22
31 22
32 22
33 22
34 22
44 22
45 22
68 22
69 22
70 22
71 22
72 22
76 22
10 23
18 23
19 23
20 23
32 23
33 23
34 23
35 23
44 23
45 23
69 23
70 23
71 23
72 23
76 23
10 24
11 24
12 24
13 24
14 24
15 24
17 24
18 24
19 24
33 24
34 24
35 24
44 24
45 24
54 24
70 24
71 24
72 24
76 24
10 25
17 25
18 25
34 25
35 25
36 25
43 25
44 25
45 25
54 25
55 25
56 25
57 25
58 25
59 25
60 25
61 25
62 25
63 25
64 25
65 25
66 25
67 25
69 25
70 25
71 25
72 25
76 25
17 26
18 26
35 26
36 26
41 26
42 26
43 26
44 26
45 26
54 26
55 26
56 26
57 26
58 26
59 26
60 26
61 26
62 26
63 26
64 26
65 26
66 26
67 26
68 26
69 26
70 26
71 26
72 26
73 26
76 26
17 27
35 27
36 27
39 27
40 27
41 27
42 27
54 27
55 27
56 27
57 27
58 27
59 27
60 27
61 27
62 27
63 27
64 27
65 27
66 27
67 27
68 27
69 27
70 27
72 27
73 27
76 27
10 28
11 28
12 28
13 28
14 28
16 28
17 28
35 28
36 28
37 28
54 28
55 28
56 28
57 28
58 28
59 28
60 28
61 28
62 28
63 28
64 28
65 28
66 28
67 28
68 28
69 28
70 28
72 28
73 28
76 28
16 29
17 29
36 29
37 29
53 29
54 29
70 29
72 29
73 29
16 30
17 30
18 30
36 30
37 30
44 30
70 30
10 31
11 31
12 31
13 31
14 31
17 31
18 31
35 31
36 31
42 31
43 31
44 31
45 31
46 31
52 31
75 31
17 32
18 32
35 32
36 32
41 32
46 32
47 32
52 32
70 32
75 32
17 33
18 33
19 33
35 33
36 33
47 33
48 33
52 33
69 33
70 33
75 33
10 34
11 34
12 34
13 34
14 34
15 34
18 34
19 34
20 34
34 34
35 34
40 34
48 34
52 34
53 34
54 34
55 34
56 34
57 34
58 34
59 34
60 34
61 34
62 34
63 34
64 34
65 34
66 34
67 34
68 34
69 34
70 34
75 34
10 35
12 35
18 35
19 35
20 35
21 35
22 35
33 35
34 35
35 35
40 35
41 35
48 35
52 35
53 35
54 35
55 35
56 35
57 35
58 35
59 35
60 35
61 35
62 35
63 35
64 35
65 35
66 35
67 35
68 35
69 35
70 35
75 35
10 36
12 36
15 36
19 36
20 36
21 36
22 36
23 36
24 36
25 36
30 36
31 36
32 36
33 36
34 36
41 36
47 36
48 36
52 36
53 36
54 36
55 36
56 36
68 36
69 36
70 36
75 36
20 37
21 37
22 37
23 37
24 37
25 37
26 37
27 37
28 37
29 37
30 37
31 37
32 37
33 37
41 37
42 37
43 37
44 37
45 37
46 37
47 37
52 37
53 37
54 37
55 37
56 37
57 37
70 37
75 37
21 38
22 38
23 38
24 38
25 38
26 38
27 38
28 38
29 38
30 38
31 38
32 38
42 38
43 38
44 38
45 38
46 38
54 38
55 38
56 38
57 38
58 38
75 38
76 38
23 39
24 39
25 39
26 39
27 39
28 39
29 39
30 39
55 39
56 39
57 39
58 39
59 39
60 39
75 39
76 39
17 40
36 40
41 40
42 40
43 40
44 40
45 40
46 40
47 40
56 40
57 40
58 40
59 40
60 40
61 40
75 40
76 40
17 41
18 41
35 41
36 41
41 41
42 41
43 41
44 41
45 41
46 41
47 41
58 41
59 41
60 41
61 41
62 41
75 41
76 41
17 42
18 42
19 42
20 42
21 42
22 42
23 42
24 42
25 42
26 42
27 42
28 42
29 42
30 42
31 42
32 42
33 42
34 42
35 42
36 42
41 42
44 42
59 42
60 42
61 42
62 42
63 42
75 42
76 42
17 43
18 43
19 43
20 43
21 43
22 43
23 43
24 43
25 43
26 43
27 43
28 43
29 43
30 43
31 43
32 43
33 43
34 43
35 43
36 43
41 43
44 43
60 43
61 43
62 43
63 43
64 43
65 43
75 43
76 43
17 44
18 44
19 44
20 44
21 44
22 44
23 44
24 44
25 44
26 44
27 44
28 44
29 44
30 44
31 44
32 44
33 44
34 44
35 44
36 44
41 44
44 44
61 44
62 44
63 44
64 44
65 44
66 44
75 44
76 44
17 45
18 45
27 45
28 45
35 45
36 45
62 45
63 45
64 45
65 45
66 45
67 45
75 45
76 45
17 46
18 46
27 46
28 46
36 46
64 46
65 46
66 46
67 46
68 46
75 46
76 46
17 47
18 47
27 47
28 47
52 47
65 47
66 47
67 47
68 47
69 47
75 47
76 47
17 48
18 48
27 48
28 48
41 48
52 48
53 48
54 48
55 48
56 48
57 48
58 48
59 48
60 48
61 48
62 48
63 48
64 48
65 48
66 48
67 48
68 48
69 48
70 48
75 48
76 48
17 49
18 49
19 49
26 49
27 49
28 49
29 49
30 49
31 49
41 49
52 49
53 49
54 49
55 49
56 49
57 49
58 49
59 49
60 49
61 49
62 49
63 49
64 49
65 49
66 49
67 49
68 49
69 49
70 49
71 49
75 49
76 49
17 50
18 50
19 50
20 50
21 50
24 50
25 50
26 50
27 50
28 50
29 50
30 50
31 50
32 50
41 50
47 50
52 50
53 50
54 50
55 50
56 50
60 50
61 50
62 50
63 50
64 50
65 50
66 50
67 50
68 50
69 50
70 50
75 50
76 50
18 51
19 51
20 51
21 51
22 51
23 51
24 51
25 51
26 51
27 51
28 51
29 51
30 51
31 51
32 51
33 51
34 51
41 51
42 51
43 51
44 51
45 51
46 51
47 51
48 51
52 51
75 51
76 51
18 52
19 52
20 52
21 52
22 52
23 52
24 52
25 52
30 52
31 52
32 52
33 52
34 52
35 52
41 52
47 52
57 52
58 52
59 52
60 52
61 52
62 52
63 52
64 52
65 52
75 52
76 52
19 53
20 53
21 53
22 53
23 53
24 53
32 53
33 53
34 53
35 53
36 53
41 53
55 53
56 53
57 53
58 53
59 53
60 53
61 53
62 53
63 53
64 53
65 53
66 53
67 53
75 53
76 53
33 54
34 54
35 54
36 54
54 54
55 54
56 54
57 54
58 54
59 54
60 54
61 54
62 54
63 54
64 54
65 54
66 54
67 54
68 54
75 54
76 54
35 55
36 55
53 55
54 55
55 55
56 55
57 55
64 55
65 55
66 55
67 55
68 55
69 55
75 55
76 55
17 56
35 56
36 56
41 56
42 56
43 56
44 56
45 56
46 56
47 56
53 56
54 56
55 56
66 56
67 56
68 56
69 56
75 56
76 56
17 57
36 57
41 57
42 57
43 57
44 57
45 57
46 57
47 57
52 57
53 57
54 57
68 57
69 57
70 57
75 57
76 57
17 58
18 58
19 58
22 58
35 58
36 58
44 58
52 58
53 58
69 58
70 58
75 58
76 58
17 59
18 59
19 59
20 59
21 59
22 59
23 59
24 59
25 59
26 59
27 59
28 59
29 59
30 59
31 59
32 59
33 59
34 59
35 59
36 59
44 59
52 59
53 59
69 59
70 59
75 59
76 59
17 60
18 60
19 60
20 60
21 60
22 60
23 60
24 60
25 60
26 60
27 60
28 60
29 60
30 60
31 60
32 60
33 60
34 60
35 60
36 60
44 60
51 60
52 60
70 60
71 60
75 60
76 60
17 61
18 61
19 61
20 61
21 61
22 61
23 61
24 61
25 61
26 61
27 61
28 61
29 61
30 61
31 61
32 61
33 61
34 61
35 61
36 61
41 61
42 61
43 61
44 61
45 61
46 61
47 61
51 61
52 61
70 61
71 61
76 61
17 62
18 62
35 62
36 62
41 62
42 62
43 62
44 62
45 62
46 62
47 62
51 62
52 62
62 62
70 62
71 62
76 62
17 63
18 63
35 63
36 63
51 63
52 63
62 63
70 63
71 63
76 63
17 64
18 64
35 64
36 64
51 64
52 64
62 64
63 64
70 64
71 64
76 64
17 65
18 65
35 65
36 65
41 65
42 65
43 65
44 65
45 65
46 65
47 65
51 65
52 65
53 65
62 65
63 65
64 65
65 65
66 65
67 65
68 65
69 65
70 65
76 65
17 66
18 66
35 66
36 66
41 66
42 66
43 66
44 66
45 66
46 66
47 66
48 66
51 66
52 66
53 66
62 66
63 66
64 66
65 66
66 66
67 66
68 66
69 66
70 66
76 66
17 67
18 67
35 67
36 67
41 67
44 67
47 67
48 67
52 67
53 67
54 67
55 67
62 67
63 67
64 67
65 67
66 67
67 67
68 67
69 67
70 67
76 67
17 68
18 68
19 68
35 68
36 68
41 68
44 68
47 68
48 68
52 68
53 68
54 68
55 68
56 68
62 68
63 68
76 68
17 69
18 69
19 69
34 69
35 69
36 69
41 69
44 69
47 69
76 69
18 70
19 70
20 70
34 70
35 70
66 70
67 70
68 70
76 70
18 71
19 71
20 71
21 71
22 71
32 71
33 71
34 71
35 71
51 71
52 71
53 71
54 71
55 71
56 71
67 71
68 71
69 71
70 71
76 71
77 71
19 72
20 72
21 72
22 72
23 72
24 72
26 72
27 72
28 72
29 72
30 72
31 72
32 72
33 72
34 72
50 72
51 72
52 72
53 72
54 72
55 72
56 72
57 72
58 72
69 72
70 72
71 72
76 72
77 72
19 73
20 73
21 73
22 73
23 73
24 73
25 73
26 73
27 73
28 73
29 73
30 73
31 73
32 73
33 73
50 73
51 73
52 73
53 73
54 73
55 73
56 73
57 73
58 73
59 73
70 73
71 73
76 73
77 73
21 74
22 74
23 74
24 74
25 74
26 74
27 74
28 74
29 74
30 74
31 74
32 74
49 74
50 74
51 74
54 74
55 74
56 74
57 74
58 74
59 74
70 74
71 74
76 74
77 74
23 75
24 75
25 75
26 75
27 75
28 75
29 75
48 75
49 75
50 75
56 75
57 75
58 75
59 75
60 75
70 75
71 75
76 75
77 75
48 76
49 76
50 76
57 76
58 76
59 76
60 76
71 76
72 76
75 76
76 76
77 76
48 77
49 77
57 77
58 77
59 77
60 77
61 77
71 77
72 77
75 77
76 77
77 77
48 78
49 78
58 78
59 78
60 78
61 78
71 78
72 78
75 78
76 78
77 78
48 79
49 79
58 79
59 79
60 79
61 79
62 79
70 79
71 79
75 79
76 79
77 79
48 80
49 80
50 80
59 80
60 80
61 80
62 80
63 80
69 80
70 80
71 80
75 80
76 80
77 80
48 81
49 81
50 81
51 81
59 81
60 81
61 81
62 81
63 81
64 81
65 81
66 81
67 81
68 81
69 81
70 81
75 81
76 81
77 81
48 82
49 82
50 82
51 82
52 82
60 82
61 82
62 82
63 82
64 82
65 82
66 82
67 82
68 82
69 82
76 82
77 82
48 83
49 83
50 83
61 83
62 83
63 83
64 83
65 83
66 83
67 83
68 83
76 83
77 83
63 84
64 84
65 84
66 84
70 86
71 86
