100 100
20 57 
20 58 
20 59 
20 60 
20 61 
20 62 
20 63 
20 64 
20 65 
21 52 
21 53 
21 54 
21 55 
21 56 
21 57 
21 58 
21 59 
21 60 
21 61 
21 62 
21 63 
21 64 
21 65 
21 66 
21 67 
21 68 
22 49 
22 50 
22 51 
22 52 
22 53 
22 54 
22 55 
22 56 
22 57 
22 58 
22 59 
22 60 
22 61 
22 62 
22 63 
22 64 
22 65 
22 66 
22 67 
22 68 
22 69 
22 70 
23 47 
23 48 
23 49 
23 50 
23 51 
23 52 
23 53 
23 54 
23 55 
23 56 
23 57 
23 58 
23 59 
23 60 
23 61 
23 62 
23 63 
23 64 
23 65 
23 66 
23 67 
23 68 
23 69 
23 70 
23 71 
24 45 
24 46 
24 47 
24 48 
24 49 
24 50 
24 51 
24 52 
24 53 
24 54 
24 55 
24 56 
24 57 
24 58 
24 59 
24 60 
24 61 
24 62 
24 63 
24 64 
24 65 
24 66 
24 67 
24 68 
24 69 
24 70 
24 71 
24 72 
25 43 
25 44 
25 45 
25 46 
25 47 
25 48 
25 49 
25 50 
25 51 
25 52 
25 53 
25 54 
25 55 
25 56 
25 57 
25 58 
25 59 
25 60 
25 61 
25 62 
25 63 
25 64 
25 65 
25 66 
25 67 
25 68 
25 69 
25 70 
25 71 
25 72 
25 73 
25 74 
26 41 
26 42 
26 43 
26 44 
26 45 
26 46 
26 47 
26 48 
26 49 
26 50 
26 51 
26 52 
26 53 
26 54 
26 55 
26 56 
26 57 
26 58 
26 59 
26 60 
26 61 
26 62 
26 63 
26 64 
26 65 
26 66 
26 67 
26 68 
26 69 
26 70 
26 71 
26 72 
26 73 
26 74 
26 75 
27 40 
27 41 
27 42 
27 43 
27 44 
27 45 
27 46 
27 47 
27 48 
27 49 
27 50 
27 51 
27 52 
27 53 
27 54 
27 55 
27 56 
27 57 
27 58 
27 59 
27 60 
27 61 
27 62 
27 63 
27 64 
27 65 
27 66 
27 67 
27 68 
27 69 
27 70 
27 71 
27 72 
27 73 
27 74 
27 75 
27 76 
28 39 
28 40 
28 41 
28 42 
28 43 
28 44 
28 45 
28 46 
28 47 
28 48 
28 49 
28 50 
28 51 
28 52 
28 53 
28 54 
28 55 
28 56 
28 57 
28 58 
28 59 
28 60 
28 61 
28 62 
28 63 
28 64 
28 65 
28 66 
28 67 
28 68 
28 69 
28 70 
28 71 
28 72 
28 73 
28 74 
28 75 
28 76 
28 77 
29 38 
29 39 
29 40 
29 41 
29 42 
29 43 
29 44 
29 45 
29 46 
29 47 
29 48 
29 49 
29 50 
29 51 
29 52 
29 53 
29 54 
29 55 
29 56 
29 57 
29 58 
29 59 
29 60 
29 61 
29 62 
29 63 
29 64 
29 65 
29 66 
29 67 
29 68 
29 69 
29 70 
29 71 
29 72 
29 73 
29 74 
29 75 
29 76 
29 77 
29 78 
30 37 
30 38 
30 39 
30 40 
30 41 
30 42 
30 43 
30 44 
30 45 
30 46 
30 47 
30 48 
30 49 
30 50 
30 51 
30 57 
30 58 
30 59 
30 60 
30 61 
30 62 
30 63 
30 64 
30 65 
30 66 
30 67 
30 68 
30 69 
30 70 
30 71 
30 72 
30 73 
30 74 
30 75 
30 76 
30 77 
30 78 
30 79 
31 36 
31 37 
31 38 
31 39 
31 40 
31 41 
31 42 
31 43 
31 44 
31 45 
31 64 
31 65 
31 66 
31 67 
31 68 
31 69 
31 70 
31 71 
31 72 
31 73 
31 74 
31 75 
31 76 
31 77 
31 78 
31 79 
31 80 
32 34 
32 35 
32 36 
32 37 
32 38 
32 39 
32 40 
32 41 
32 42 
32 43 
32 45 
32 69 
32 70 
32 71 
32 72 
32 73 
32 74 
32 75 
32 76 
32 77 
32 78 
32 79 
32 80 
32 81 
33 32 
33 33 
33 34 
33 35 
33 36 
33 37 
33 38 
33 39 
33 40 
33 44 
33 45 
33 68 
33 72 
33 73 
33 74 
33 75 
33 76 
33 77 
33 78 
33 79 
33 80 
33 81 
33 93 
33 94 
34 15 
34 16 
34 31 
34 32 
34 33 
34 34 
34 35 
34 36 
34 37 
34 38 
34 44 
34 56 
34 68 
34 69 
34 75 
34 76 
34 77 
34 78 
34 79 
34 80 
34 81 
34 82 
34 83 
34 92 
34 93 
35 15 
35 16 
35 30 
35 31 
35 32 
35 33 
35 34 
35 35 
35 44 
35 55 
35 56 
35 69 
35 78 
35 79 
35 80 
35 81 
35 82 
35 83 
35 84 
35 85 
35 86 
35 91 
35 92 
35 93 
36 15 
36 16 
36 17 
36 18 
36 28 
36 29 
36 30 
36 44 
36 54 
36 55 
36 56 
36 57 
36 69 
36 80 
36 81 
36 82 
36 83 
36 84 
36 85 
36 90 
36 91 
36 92 
37 26 
37 27 
37 28 
37 33 
37 34 
37 35 
37 44 
37 54 
37 55 
37 56 
37 57 
37 69 
37 81 
37 82 
37 83 
37 84 
37 85 
37 86 
37 87 
37 88 
37 89 
37 90 
38 23 
38 24 
38 25 
38 26 
38 33 
38 44 
38 53 
38 54 
38 55 
38 56 
38 57 
38 58 
38 69 
38 82 
39 22 
39 23 
39 32 
39 33 
39 44 
39 53 
39 54 
39 55 
39 56 
39 69 
39 82 
40 32 
40 44 
40 55 
40 56 
40 69 
40 82 
41 32 
41 33 
41 44 
41 55 
41 68 
41 69 
41 81 
41 82 
42 33 
42 44 
42 45 
42 68 
42 81 
43 33 
43 34 
43 35 
43 45 
43 67 
43 68 
43 80 
43 81 
44 24 
44 25 
44 26 
44 27 
44 28 
44 29 
44 30 
44 31 
44 32 
44 33 
44 34 
44 35 
44 36 
44 45 
44 46 
44 67 
44 79 
44 80 
45 18 
45 19 
45 27 
45 28 
45 29 
45 30 
45 31 
45 32 
45 33 
45 34 
45 35 
45 36 
45 37 
45 38 
45 46 
45 47 
45 66 
45 67 
45 78 
45 79 
46 17 
46 18 
46 19 
46 28 
46 29 
46 30 
46 31 
46 32 
46 33 
46 34 
46 35 
46 36 
46 37 
46 38 
46 39 
46 40 
46 41 
46 42 
46 47 
46 48 
46 65 
46 66 
46 77 
46 78 
46 85 
46 86 
46 87 
46 89 
46 90 
46 91 
47 16 
47 17 
47 18 
47 19 
47 30 
47 31 
47 32 
47 33 
47 34 
47 35 
47 36 
47 37 
47 38 
47 39 
47 40 
47 41 
47 42 
47 43 
47 44 
47 45 
47 48 
47 49 
47 50 
47 63 
47 64 
47 65 
47 73 
47 74 
47 75 
47 76 
47 77 
47 83 
47 84 
47 85 
47 86 
47 90 
47 91 
47 92 
47 93 
48 16 
48 17 
48 18 
48 33 
48 34 
48 35 
48 36 
48 37 
48 38 
48 39 
48 40 
48 41 
48 42 
48 43 
48 44 
48 45 
48 46 
48 47 
48 48 
48 49 
48 50 
48 58 
48 59 
48 60 
48 61 
48 62 
48 63 
48 73 
48 80 
48 81 
48 82 
48 83 
48 84 
48 90 
48 91 
48 92 
48 93 
48 94 
49 35 
49 36 
49 37 
49 38 
49 39 
49 40 
49 41 
49 42 
49 43 
49 44 
49 45 
49 46 
49 47 
49 48 
49 49 
49 50 
49 51 
49 52 
49 53 
49 54 
49 55 
49 56 
49 57 
49 58 
49 59 
49 74 
49 75 
49 76 
49 77 
49 78 
49 79 
49 80 
49 81 
49 82 
49 91 
49 92 
49 93 
49 94 
50 37 
50 38 
50 39 
50 40 
50 41 
50 42 
50 43 
50 44 
50 45 
50 46 
50 47 
50 48 
50 49 
50 50 
50 51 
50 52 
50 53 
50 54 
50 55 
50 56 
50 57 
50 58 
50 59 
50 60 
50 61 
50 62 
50 63 
50 64 
50 65 
50 66 
50 67 
50 68 
50 69 
50 70 
50 71 
50 72 
50 73 
50 74 
50 75 
50 76 
50 93 
51 41 
51 42 
51 43 
51 44 
51 45 
51 46 
51 47 
51 48 
51 49 
51 50 
51 51 
51 52 
51 53 
51 54 
51 55 
51 56 
51 57 
51 58 
51 59 
51 60 
51 61 
51 62 
51 63 
51 64 
51 65 
51 66 
51 67 
51 68 
51 69 
51 70 
51 71 
51 72 
52 46 
52 47 
52 48 
52 49 
52 50 
52 51 
52 52 
52 53 
52 54 
52 55 
52 56 
52 57 
52 58 
52 59 
52 60 
52 61 
52 62 
52 63 
52 64 
52 65 
52 66 
53 52 
53 53 
53 54 
53 55 
53 56 
53 57 
53 58 
53 59 

